1;4766;9.900000;98;small
2;4943;9.900000;52;small
3;1766;9.900000;178;small
4;2305;9.900000;152;small
5;2086;9.900000;207;small
6;1592;9.900000;291;small
7;4574;9.900000;239;small
8;4802;9.900000;194;small
9;4308;9.900000;261;small
10;1859;9.900000;311;small
11;1435;9.900000;215;small
12;1176;9.900000;281;small
13;4954;9.900000;208;small
14;4263;9.900000;295;small
15;4713;9.900000;351;small
16;4132;9.900000;359;small
17;4460;9.900000;324;small
18;1646;9.900000;441;small
19;5136;9.900000;245;small
20;1762;9.900000;394;small
21;5058;9.900000;401;small
22;4905;9.900000;382;small
23;1103;9.900000;371;small
24;959;9.900000;622;small
25;4394;9.900000;545;small
26;5088;9.900000;688;small
27;5205;9.900000;480;small
28;1596;9.900000;555;small
29;4085;9.900000;634;small
30;1141;9.900000;511;small
31;5011;9.900000;467;small
32;1156;9.900000;527;small
33;4288;9.900000;547;small
34;4736;9.900000;475;small
35;4552;9.900000;563;small
36;4903;9.900000;700;small
37;4701;9.900000;865;small
38;4174;9.900000;721;small
39;4412;9.900000;853;small
40;4637;9.900000;956;small
41;4343;9.900000;902;small
42;4183;9.900000;937;small
43;3899;9.900000;802;small
44;4983;9.900000;814;small
45;4470;9.900000;928;small
46;4839;9.900000;832;small
47;1162;9.900000;884;small
48;4016;9.900000;885;small
49;4695;9.900000;925;small
50;3665;9.900000;842;small
51;3844;9.900000;940;small
52;5118;9.900000;949;small
53;3923;9.900000;1019;small
54;3986;9.900000;977;small
55;1115;9.900000;957;small
56;4738;9.900000;1030;small
57;4974;9.900000;1116;small
58;5132;9.900000;1006;small
59;1096;9.900000;1140;small
60;1144;9.900000;1142;small
61;4358;9.900000;1140;small
62;1505;9.900000;1164;small
63;489;9.900000;1178;small
64;964;9.900000;1173;small
65;1245;9.900000;1148;small
66;561;9.900000;1251;small
67;1026;9.900000;1206;small
68;1451;9.900000;1222;small
69;4108;9.900000;1163;small
70;1123;9.900000;1231;small
71;795;9.900000;1280;small
72;338;9.900000;1320;small
73;4213;9.900000;1289;small
74;1006;9.900000;1295;small
75;2154;9.900000;1334;small
76;1800;9.900000;1306;small
77;737;9.900000;1293;small
78;1689;9.900000;1379;small
79;315;9.900000;1338;small
80;1903;9.900000;1274;small
81;675;9.900000;1418;small
82;392;9.900000;1338;small
83;3807;9.900000;1524;small
84;1849;9.900000;1446;small
85;1272;9.900000;1457;small
86;1689;9.900000;1420;small
87;4294;9.900000;1335;small
88;2086;9.900000;1448;small
89;1917;9.900000;1565;small
90;4497;9.900000;1510;small
91;876;9.900000;1413;small
92;463;9.900000;1525;small
93;4448;9.900000;1508;small
94;899;9.900000;1494;small
95;1590;9.900000;1534;small
96;4578;9.900000;1603;small
97;893;9.900000;1572;small
98;4054;9.900000;1486;small
99;1317;9.900000;1547;small
100;4394;9.900000;1640;small
101;2058;9.900000;1634;small
102;1131;9.900000;1495;small
103;4602;9.900000;1807;small
104;869;9.900000;1640;small
105;4319;9.900000;1620;small
106;1889;9.900000;1629;small
107;1482;9.900000;1651;small
108;1762;9.900000;1651;small
109;2615;9.900000;1670;small
110;4220;9.900000;1663;small
111;4215;9.900000;1774;small
112;4116;9.900000;1793;small
113;3974;9.900000;1713;small
114;4319;9.900000;1860;small
115;4283;9.900000;1779;small
116;2475;9.900000;84;small
117;1819;9.900000;122;small
118;3698;9.900000;41;small
119;5107;9.900000;62;small
120;922;9.900000;125;small
121;1926;9.900000;110;small
122;110;9.900000;71;small
123;3578;9.900000;49;small
124;2365;9.900000;120;small
125;5442;9.900000;6;small
126;5255;9.900000;134;small
127;4603;9.900000;61;small
128;1525;9.900000;77;small
129;2788;9.900000;49;small
130;587;9.900000;166;small
131;5467;9.900000;195;small
132;4150;9.900000;4;small
133;1019;9.900000;256;small
134;2451;9.900000;193;small
135;3271;9.900000;8;small
136;107;9.900000;381;small
137;4042;9.900000;269;small
138;3687;9.900000;263;small
139;2989;9.900000;196;small
140;2455;9.900000;321;small
141;457;9.900000;159;small
142;2093;9.900000;336;small
143;3491;9.900000;147;small
144;3053;9.900000;316;small
145;2597;9.900000;406;small
146;2204;9.900000;378;small
147;3584;9.900000;331;small
148;2877;9.900000;265;small
149;16;9.900000;568;small
150;1960;9.900000;431;small
151;99;9.900000;464;small
152;2746;9.900000;350;small
153;2771;9.900000;403;small
154;5131;9.900000;528;small
155;682;9.900000;507;small
156;3534;9.900000;617;small
157;3825;9.900000;524;small
158;2662;9.900000;610;small
159;3231;9.900000;488;small
160;3915;9.900000;668;small
161;2097;9.900000;556;small
162;1911;9.900000;668;small
163;1406;9.900000;640;small
164;3479;9.900000;635;small
165;3855;9.900000;712;small
166;1320;9.900000;757;small
167;2687;9.900000;541;small
168;1670;9.900000;648;small
169;2130;9.900000;782;small
170;3224;9.900000;782;small
171;2912;9.900000;699;small
172;564;9.900000;766;small
173;2557;9.900000;726;small
174;1349;9.900000;876;small
175;2415;9.900000;877;small
176;788;9.900000;777;small
177;1167;9.900000;860;small
178;1103;9.900000;654;small
179;5562;9.900000;514;small
180;5348;9.900000;810;small
181;361;9.900000;871;small
182;1866;9.900000;894;small
183;1889;9.900000;757;small
184;2340;9.900000;1050;small
185;261;9.900000;931;small
186;2897;9.900000;808;small
187;1468;9.900000;998;small
188;179;9.900000;981;small
189;2104;9.900000;871;small
190;3293;9.900000;1062;small
191;945;9.900000;956;small
192;2174;9.900000;930;small
193;1939;9.900000;1010;small
194;2559;9.900000;1038;small
195;395;9.900000;955;small
196;3048;9.900000;1057;small
197;3383;9.900000;922;small
198;283;9.900000;997;small
199;5369;9.900000;999;small
200;5188;9.900000;967;small
201;1747;9.900000;1025;small
202;499;9.900000;918;small
203;983;9.900000;938;small
204;2814;9.900000;1011;small
205;5362;9.900000;1183;small
206;333;9.900000;1207;small
207;1484;9.900000;1081;small
208;992;9.900000;1040;small
209;211;9.900000;1136;small
210;149;9.900000;1040;small
211;2681;9.900000;1034;small
212;3388;9.900000;1150;small
213;4078;9.900000;1041;small
214;3565;9.900000;1203;small
215;2463;9.900000;1067;small
216;4575;9.900000;1144;small
217;21;9.900000;1234;small
218;2298;9.900000;1284;small
219;1874;9.900000;1076;small
220;4684;9.900000;1324;small
221;5102;9.900000;1154;small
222;2908;9.900000;1114;small
223;4770;9.900000;1310;small
224;2023;9.900000;1281;small
225;3971;9.900000;1210;small
226;292;9.900000;1283;small
227;3090;9.900000;1392;small
228;2645;9.900000;1378;small
229;3554;9.900000;1247;small
230;2660;9.900000;1315;small
231;19;9.900000;1525;small
232;3634;9.900000;1346;small
233;5490;9.900000;1379;small
234;2862;9.900000;1343;small
235;2380;9.900000;1541;small
236;5199;9.900000;1422;small
237;3371;9.900000;1563;small
238;2404;9.900000;1601;small
239;2987;9.900000;1527;small
240;16;9.900000;1668;small
241;3546;9.900000;1695;small
242;2747;9.900000;1612;small
243;4621;9.900000;1585;small
244;5424;9.900000;1581;small
245;177;9.900000;1517;small
246;5218;9.900000;1721;small
247;5089;9.900000;1851;small
248;3270;9.900000;1936;small
249;126;9.900000;1726;small
250;2807;9.900000;1624;small
251;3334;9.900000;1528;small
252;3823;9.900000;1728;small
253;3393;9.900000;1708;small
254;2563;9.900000;1746;small
255;2211;9.900000;1700;small
256;1672;9.900000;1766;small
257;716;9.900000;1693;small
258;1497;9.900000;1715;small
259;1161;9.900000;1888;small
260;3749;9.900000;1858;small
261;1001;9.900000;1721;small
262;2447;9.900000;1827;small
263;2715;9.900000;1726;small
264;1184;9.900000;1903;small
265;1518;9.900000;1739;small
266;4614;9.900000;1805;small
267;3654;9.900000;1687;small
268;3889;9.900000;1834;small
269;1611;9.900000;1931;small
270;849;9.900000;1836;small
271;3212;9.900000;2040;small
272;2873;9.900000;1894;small
273;2343;9.900000;1847;small
274;4203;9.900000;1937;small
275;1462;9.900000;1895;small
276;452;9.900000;1867;small
277;2721;9.900000;1956;small
278;4926;9.900000;1928;small
279;3827;9.900000;2011;small
280;1924;9.900000;1939;small
281;4176;9.900000;1953;small
282;4216;9.900000;1965;small
283;2089;9.900000;1874;small
284;2570;9.900000;1916;small
285;433;9.900000;1959;small
286;1853;9.900000;1717;small
287;525;9.900000;2040;small
288;59;9.900000;1870;small
289;1151;9.900000;2044;small
290;4903;9.900000;1981;small
291;5201;9.900000;2045;small
292;1668;9.900000;1926;small
293;2946;9.900000;1941;small
294;4127;9.900000;1973;small
